{
  "armature_name": "Armature",
  "armature_matrix": [
    [
      0.009999999776482582,
      0.0,
      0.0,
      0.0
    ],
    [
      0.0,
      -1.6292067694934076e-09,
      -0.009999999776482582,
      0.0
    ],
    [
      0.0,
      0.009999999776482582,
      -1.6292067694934076e-09,
      0.0
    ],
    [
      0.0,
      0.0,
      0.0,
      1.0
    ]
  ],
  "pose_bones": {
    "root": {
      "bone_name": "root",
      "matrix": [
        [
          1.0,
          0.0,
          0.0,
          0.0
        ],
        [
          0.0,
          -4.371138828673793e-08,
          1.0,
          0.0
        ],
        [
          0.0,
          -1.0,
          -4.371138828673793e-08,
          0.0
        ],
        [
          0.0,
          0.0,
          0.0,
          1.0
        ]
      ],
      "matrix_basis": [
        [
          1.0,
          0.0,
          0.0,
          0.0
        ],
        [
          0.0,
          1.0,
          4.371138828673793e-08,
          0.0
        ],
        [
          0.0,
          -4.371138828673793e-08,
          1.0,
          0.0
        ],
        [
          0.0,
          0.0,
          0.0,
          1.0
        ]
      ],
      "matrix_local": [
        [
          1.0,
          0.0,
          0.0,
          0.0
        ],
        [
          0.0,
          0.0,
          1.0,
          0.0
        ],
        [
          0.0,
          -1.0,
          0.0,
          0.0
        ],
        [
          0.0,
          0.0,
          0.0,
          1.0
        ]
      ],
      "rotation": [
        1.0,
        -2.1855694143368964e-08,
        0.0,
        0.0
      ],
      "location": [
        0.0,
        0.0,
        0.0
      ],
      "parent_name": ""
    },
    "pelvis": {
      "bone_name": "pelvis",
      "matrix": [
        [
          -8.742277657347586e-08,
          -3.140183010741002e-16,
          -1.0,
          3.027634566665771e-14
        ],
        [
          1.0,
          -4.371135631231482e-08,
          -8.742277657347586e-08,
          88.60543823242188
        ],
        [
          -4.37113598650285e-08,
          -0.9999999403953552,
          4.135386796183787e-15,
          -3.802806759267696e-06
        ],
        [
          0.0,
          0.0,
          0.0,
          1.0
        ]
      ],
      "matrix_basis": [
        [
          1.0,
          2.842170943040401e-14,
          -4.371138828673793e-08,
          3.0517578125e-05
        ],
        [
          -2.842170943040401e-14,
          1.0,
          -2.5278348352044907e-16,
          -7.026005732768681e-08
        ],
        [
          4.371138828673793e-08,
          2.5278470113031075e-16,
          1.0,
          -1.3642420526593924e-12
        ],
        [
          0.0,
          0.0,
          0.0,
          1.0
        ]
      ],
      "matrix_local": [
        [
          -4.371138828673793e-08,
          -6.123234262925839e-17,
          -1.0,
          -6.310887241768095e-30
        ],
        [
          1.0,
          0.0,
          -4.371138828673793e-08,
          88.60540771484375
        ],
        [
          6.617444900424222e-24,
          -0.9999999403953552,
          6.123234262925839e-17,
          0.0
        ],
        [
          0.0,
          0.0,
          0.0,
          1.0
        ]
      ],
      "rotation": [
        1.0,
        1.2639204616268995e-16,
        -2.1855694143368964e-08,
        -1.4210854715202004e-14
      ],
      "location": [
        3.0517578125e-05,
        -7.026005732768681e-08,
        -1.3642420526593924e-12
      ],
      "parent_name": "root"
    },
    "spine_01": {
      "bone_name": "spine_01",
      "matrix": [
        [
          -8.742277657347586e-08,
          -3.140183010741002e-16,
          -1.0,
          -4.85669204408623e-07
        ],
        [
          1.0,
          -4.371135631231482e-08,
          -8.742277657347586e-08,
          99.71625518798828
        ],
        [
          -4.37113598650285e-08,
          -0.9999999403953552,
          4.135386796183787e-15,
          -3.3348014767398126e-06
        ],
        [
          0.0,
          0.0,
          0.0,
          1.0
        ]
      ],
      "matrix_basis": [
        [
          1.0,
          0.0,
          0.0,
          0.0
        ],
        [
          0.0,
          1.0,
          -1.3234889800848443e-23,
          0.0
        ],
        [
          0.0,
          1.3234889800848443e-23,
          1.0,
          -4.4158521105138945e-15
        ],
        [
          0.0,
          0.0,
          0.0,
          1.0
        ]
      ],
      "matrix_local": [
        [
          -4.371138828673793e-08,
          -6.123234262925839e-17,
          -1.0,
          0.0
        ],
        [
          1.0,
          0.0,
          -4.371138828673793e-08,
          99.71622467041016
        ],
        [
          6.617444900424222e-24,
          -0.9999999403953552,
          6.123234262925839e-17,
          9.536742595628311e-07
        ],
        [
          0.0,
          0.0,
          0.0,
          1.0
        ]
      ],
      "rotation": [
        1.0,
        6.617444900424222e-24,
        0.0,
        0.0
      ],
      "location": [
        0.0,
        0.0,
        -4.4158521105138945e-15
      ],
      "parent_name": "pelvis"
    },
    "spine_02": {
      "bone_name": "spine_02",
      "matrix": [
        [
          -8.742277657347586e-08,
          -3.140183010741002e-16,
          -1.0,
          -9.713385225040838e-07
        ],
        [
          1.0,
          -4.371135631231482e-08,
          -8.742277657347586e-08,
          110.82707214355469
        ],
        [
          -4.37113598650285e-08,
          -0.9999999403953552,
          4.135386796183787e-15,
          -3.820470283244504e-06
        ],
        [
          0.0,
          0.0,
          0.0,
          1.0
        ]
      ],
      "matrix_basis": [
        [
          1.0,
          0.0,
          0.0,
          0.0
        ],
        [
          0.0,
          1.0,
          -1.3234889800848443e-23,
          0.0
        ],
        [
          0.0,
          1.3234889800848443e-23,
          1.0,
          -4.337186890152967e-15
        ],
        [
          0.0,
          0.0,
          0.0,
          1.0
        ]
      ],
      "matrix_local": [
        [
          -4.371138828673793e-08,
          -6.123234262925839e-17,
          -1.0,
          0.0
        ],
        [
          1.0,
          0.0,
          -4.371138828673793e-08,
          110.82704162597656
        ],
        [
          6.617444900424222e-24,
          -0.9999999403953552,
          6.123234262925839e-17,
          9.536742595628311e-07
        ],
        [
          0.0,
          0.0,
          0.0,
          1.0
        ]
      ],
      "rotation": [
        1.0,
        6.617444900424222e-24,
        0.0,
        0.0
      ],
      "location": [
        0.0,
        0.0,
        -4.337186890152967e-15
      ],
      "parent_name": "spine_01"
    },
    "spine_03": {
      "bone_name": "spine_03",
      "matrix": [
        [
          -8.742277657347586e-08,
          -3.140183010741002e-16,
          -1.0,
          -1.4570077837561257e-06
        ],
        [
          1.0,
          -4.371135631231482e-08,
          -8.742277657347586e-08,
          121.9378890991211
        ],
        [
          -4.37113598650285e-08,
          -0.9999999403953552,
          4.135386796183787e-15,
          -4.306139089749195e-06
        ],
        [
          0.0,
          0.0,
          0.0,
          1.0
        ]
      ],
      "matrix_basis": [
        [
          1.0,
          0.0,
          0.0,
          0.0
        ],
        [
          0.0,
          1.0,
          -1.3234889800848443e-23,
          0.0
        ],
        [
          0.0,
          1.3234889800848443e-23,
          1.0,
          -3.3093725479991284e-15
        ],
        [
          0.0,
          0.0,
          0.0,
          1.0
        ]
      ],
      "matrix_local": [
        [
          -4.371138828673793e-08,
          -6.123234262925839e-17,
          -1.0,
          0.0
        ],
        [
          1.0,
          0.0,
          -4.371138828673793e-08,
          121.93785858154297
        ],
        [
          6.617444900424222e-24,
          -0.9999999403953552,
          6.123234262925839e-17,
          9.536742595628311e-07
        ],
        [
          0.0,
          0.0,
          0.0,
          1.0
        ]
      ],
      "rotation": [
        1.0,
        6.617444900424222e-24,
        0.0,
        0.0
      ],
      "location": [
        0.0,
        0.0,
        -3.3093725479991284e-15
      ],
      "parent_name": "spine_02"
    },
    "neck_01": {
      "bone_name": "neck_01",
      "matrix": [
        [
          -3.8628524634987116e-05,
          -2.964573695862782e-06,
          -1.0,
          -1.942618837347254e-06
        ],
        [
          0.9883843660354614,
          0.15197476744651794,
          -3.863037272822112e-05,
          133.0487060546875
        ],
        [
          0.15197475254535675,
          -0.9883843660354614,
          -2.940422973551904e-06,
          -4.791807896253886e-06
        ],
        [
          0.0,
          0.0,
          0.0,
          1.0
        ]
      ],
      "matrix_basis": [
        [
          1.0,
          -1.4901161193847656e-08,
          3.495870259939693e-12,
          0.0
        ],
        [
          1.4901161193847656e-08,
          1.0,
          2.0463630789890885e-12,
          -4.440892098500626e-16
        ],
        [
          -3.495870259939693e-12,
          -2.0463630789890885e-12,
          1.0,
          -5.820766091346741e-11
        ],
        [
          0.0,
          0.0,
          0.0,
          1.0
        ]
      ],
      "matrix_local": [
        [
          -3.858532727463171e-05,
          -2.9579332476714626e-06,
          -1.0,
          0.0
        ],
        [
          0.9883843660354614,
          0.15197482705116272,
          -3.858666241285391e-05,
          133.04867553710938
        ],
        [
          0.15197481215000153,
          -0.9883843660354614,
          -2.940422973551904e-06,
          9.536742595628311e-07
        ],
        [
          0.0,
          0.0,
          0.0,
          1.0
        ]
      ],
      "rotation": [
        1.0,
        -1.0231815394945443e-12,
        1.7479351299698465e-12,
        7.450580596923828e-09
      ],
      "location": [
        0.0,
        -4.440892098500626e-16,
        -5.820766091346741e-11
      ],
      "parent_name": "spine_03"
    },
    "head": {
      "bone_name": "head",
      "matrix": [
        [
          -8.984356725250109e-08,
          -1.136561114320478e-12,
          -1.0,
          -0.0003692375321406871
        ],
        [
          1.0,
          -2.991588843315185e-08,
          -8.9839929273694e-08,
          142.41867065429688
        ],
        [
          -4.459013069890716e-08,
          -1.0,
          9.079926480831668e-13,
          1.440719485282898
        ],
        [
          0.0,
          0.0,
          0.0,
          1.0
        ]
      ],
      "matrix_basis": [
        [
          1.0,
          1.490118428648657e-08,
          -2.4192985392801347e-09,
          -2.002716064453125e-05
        ],
        [
          -1.490118428648657e-08,
          1.0,
          -2.7268380695805172e-12,
          5.960464477539062e-07
        ],
        [
          2.4192985392801347e-09,
          2.7268740650926437e-12,
          1.0,
          -2.9103830456733704e-11
        ],
        [
          0.0,
          0.0,
          0.0,
          1.0
        ]
      ],
      "matrix_local": [
        [
          -4.3717591324821115e-08,
          0.0,
          -1.0,
          -0.0003668854187708348
        ],
        [
          1.0,
          1.4787699953444644e-08,
          -4.371031536720693e-08,
          142.4186553955078
        ],
        [
          1.1333257249335205e-10,
          -1.0,
          4.547473508864641e-13,
          1.440726399421692
        ],
        [
          0.0,
          0.0,
          0.0,
          1.0
        ]
      ],
      "rotation": [
        1.0,
        1.3634280336682902e-12,
        -1.2096492696400674e-09,
        -7.450592143243284e-09
      ],
      "location": [
        -2.002716064453125e-05,
        5.960464477539062e-07,
        -2.9103830456733704e-11
      ],
      "parent_name": "neck_01"
    },
    "head_end": {
      "bone_name": "head_end",
      "matrix": [
        [
          -8.984332566797093e-08,
          -1.1715096124090274e-12,
          -1.0,
          -0.00037003171746619046
        ],
        [
          1.0,
          -2.991588488043817e-08,
          -8.983968768916384e-08,
          160.58148193359375
        ],
        [
          -4.459012714619348e-08,
          -1.0,
          9.429411461717163e-13,
          1.440718173980713
        ],
        [
          0.0,
          0.0,
          0.0,
          1.0
        ]
      ],
      "matrix_basis": [
        [
          1.0,
          3.576999807464176e-15,
          1.3147261057611104e-12,
          1.52587890625e-05
        ],
        [
          -3.576999807464176e-15,
          1.0,
          -3.4948504864813074e-14,
          2.365802174608689e-06
        ],
        [
          -1.3147261057611104e-12,
          3.4948504864813074e-14,
          1.0,
          -4.432524747244315e-08
        ],
        [
          0.0,
          0.0,
          0.0,
          1.0
        ]
      ],
      "matrix_local": [
        [
          -4.371866424435211e-08,
          0.0,
          -1.0,
          -0.0003668861463665962
        ],
        [
          1.0,
          1.4787699953444644e-08,
          -4.371138828673793e-08,
          160.58145141601562
        ],
        [
          1.1333257249335205e-10,
          -1.0,
          4.547473508864641e-13,
          1.4407283067703247
        ],
        [
          0.0,
          0.0,
          0.0,
          1.0
        ]
      ],
      "rotation": [
        1.0,
        1.7474252432406537e-14,
        6.573630528805552e-13,
        -1.788499903732088e-15
      ],
      "location": [
        1.52587890625e-05,
        2.365802174608689e-06,
        -4.432524747244315e-08
      ],
      "parent_name": "head"
    },
    "jaw": {
      "bone_name": "jaw",
      "matrix": [
        [
          -0.00022014518617652357,
          -0.00011829485447378829,
          -1.0,
          -0.001143536763265729
        ],
        [
          -0.47334498167037964,
          0.8808770179748535,
          1.4100396406035998e-09,
          144.1475830078125
        ],
        [
          0.8808770179748535,
          0.47334498167037964,
          -0.00024991517420858145,
          4.5304179191589355
        ],
        [
          0.0,
          0.0,
          0.0,
          1.0
        ]
      ],
      "matrix_basis": [
        [
          1.0,
          -8.940727269646231e-08,
          -1.1342772276989876e-09,
          -2.094593583024107e-06
        ],
        [
          8.940727980188967e-08,
          0.9999999403953552,
          2.1024419982751397e-09,
          -9.813251153900637e-07
        ],
        [
          1.1342770056543827e-09,
          -2.1024417762305347e-09,
          1.0,
          -4.480009252461059e-09
        ],
        [
          0.0,
          0.0,
          0.0,
          1.0
        ]
      ],
      "matrix_local": [
        [
          -0.0002201658789999783,
          -0.00011825635738205165,
          -1.0,
          -0.0011411099694669247
        ],
        [
          -0.4733451008796692,
          0.8808770179748535,
          4.5161925754655385e-08,
          144.14756774902344
        ],
        [
          0.8808769583702087,
          0.4733451306819916,
          -0.00024991517420858145,
          4.530426979064941
        ],
        [
          0.0,
          0.0,
          0.0,
          1.0
        ]
      ],
      "rotation": [
        1.0,
        -1.0512209991375698e-09,
        -5.671385583383426e-10,
        4.4703639900944836e-08
      ],
      "location": [
        -2.094593583024107e-06,
        -9.813251153900637e-07,
        -4.480009252461059e-09
      ],
      "parent_name": "head"
    },
    "jaw_end": {
      "bone_name": "jaw_end",
      "matrix": [
        [
          -0.00022014517162460834,
          -0.00011829481809400022,
          -1.0000001192092896,
          -0.0029841952491551638
        ],
        [
          -0.47334498167037964,
          0.8808770179748535,
          1.4376820844930194e-09,
          140.18817138671875
        ],
        [
          0.8808770179748535,
          0.47334498167037964,
          -0.00024991517420858145,
          11.898723602294922
        ],
        [
          0.0,
          0.0,
          0.0,
          1.0
        ]
      ],
      "matrix_basis": [
        [
          1.0,
          -8.881784197001252e-16,
          -1.837320443356938e-12,
          5.7220458984375e-06
        ],
        [
          8.881784197001252e-16,
          1.0,
          3.4191807371519722e-12,
          -2.2599820113100577e-06
        ],
        [
          1.8373202265165034e-12,
          -3.4191803034711032e-12,
          1.0000001192092896,
          2.5024697869469037e-09
        ],
        [
          0.0,
          0.0,
          0.0,
          1.0
        ]
      ],
      "matrix_local": [
        [
          -0.00022016586444806308,
          -0.00011825632100226358,
          -1.0,
          -0.002981938188895583
        ],
        [
          -0.4733451008796692,
          0.8808770179748535,
          4.51856863037392e-08,
          140.1881561279297
        ],
        [
          0.8808769583702087,
          0.4733451306819916,
          -0.000249915145104751,
          11.898727416992188
        ],
        [
          0.0,
          0.0,
          0.0,
          1.0
        ]
      ],
      "rotation": [
        1.0,
        -1.7095901517355516e-12,
        -9.186601132582517e-13,
        4.440892098500626e-16
      ],
      "location": [
        5.7220458984375e-06,
        -2.2599820113100577e-06,
        2.5024697869469037e-09
      ],
      "parent_name": "jaw"
    },
    "eye_l": {
      "bone_name": "eye_l",
      "matrix": [
        [
          -4.371085893239979e-08,
          6.418592590762273e-08,
          -1.0,
          2.8821816444396973
        ],
        [
          2.382563707215013e-06,
          1.0,
          6.418946441044682e-08,
          149.3492889404297
        ],
        [
          1.0,
          -2.4388714336964767e-06,
          -4.371123552004974e-08,
          10.338458061218262
        ],
        [
          0.0,
          0.0,
          0.0,
          1.0
        ]
      ],
      "matrix_basis": [
        [
          1.0,
          3.15378656523535e-08,
          4.408579485628769e-14,
          -1.4200996929503162e-06
        ],
        [
          -3.15378656523535e-08,
          1.0,
          2.4157871258978503e-09,
          2.515258756830008e-07
        ],
        [
          -4.400960932487985e-14,
          -2.4157871258978503e-09,
          1.0,
          1.32589605073008e-07
        ],
        [
          0.0,
          0.0,
          0.0,
          1.0
        ]
      ],
      "matrix_local": [
        [
          -4.371192474650343e-08,
          1.0789611337713723e-07,
          -1.0,
          2.8821847438812256
        ],
        [
          2.3693980892858235e-06,
          1.0,
          1.079032898587684e-07,
          149.34927368164062
        ],
        [
          1.0,
          -2.4257060431409627e-06,
          -4.3711722241823736e-08,
          10.338465690612793
        ],
        [
          0.0,
          0.0,
          0.0,
          1.0
        ]
      ],
      "rotation": [
        1.0,
        -1.2078935629489251e-09,
        2.2023851045291885e-14,
        -1.576893282617675e-08
      ],
      "location": [
        -1.4200996929503162e-06,
        2.515258756830008e-07,
        1.32589605073008e-07
      ],
      "parent_name": "head"
    },
    "eye_end_l": {
      "bone_name": "eye_end_l",
      "matrix": [
        [
          -4.371081629983564e-08,
          -4.371018036408714e-08,
          -1.0,
          2.8821821212768555
        ],
        [
          2.9890184123360086e-06,
          0.9999999403953552,
          -4.3706663177545124e-08,
          149.3492889404297
        ],
        [
          1.0,
          -3.0453256840701215e-06,
          -4.371090511767761e-08,
          11.910993576049805
        ],
        [
          0.0,
          0.0,
          0.0,
          1.0
        ]
      ],
      "matrix_basis": [
        [
          1.0,
          -2.117582368135751e-22,
          9.4039548065783e-38,
          -4.76837158203125e-07
        ],
        [
          2.117582368135751e-22,
          1.0,
          -8.881784197001252e-16,
          6.184264293551678e-06
        ],
        [
          9.4039548065783e-38,
          8.881784197001252e-16,
          1.0,
          -1.3584144653577823e-07
        ],
        [
          0.0,
          0.0,
          0.0,
          1.0
        ]
      ],
      "matrix_local": [
        [
          -4.371185724494353e-08,
          7.105427357601002e-15,
          -1.0,
          2.8821849822998047
        ],
        [
          2.9758525670331437e-06,
          0.9999999403953552,
          7.16227077646181e-12,
          149.34927368164062
        ],
        [
          1.0,
          -3.0321602935146075e-06,
          -4.371139183945161e-08,
          11.911002159118652
        ],
        [
          0.0,
          0.0,
          0.0,
          1.0
        ]
      ],
      "rotation": [
        1.0,
        4.440892098500626e-16,
        0.0,
        1.0587911840678754e-22
      ],
      "location": [
        -4.76837158203125e-07,
        6.184264293551678e-06,
        -1.3584144653577823e-07
      ],
      "parent_name": "eye_l"
    },
    "eye_r": {
      "bone_name": "eye_r",
      "matrix": [
        [
          4.86310796077305e-08,
          7.092195630775677e-08,
          -1.0,
          -3.069797992706299
        ],
        [
          5.82251004743739e-07,
          1.0,
          7.092561560284594e-08,
          149.43927001953125
        ],
        [
          1.0,
          -5.969252470094943e-07,
          4.8630795390636194e-08,
          10.556364059448242
        ],
        [
          0.0,
          0.0,
          0.0,
          1.0
        ]
      ],
      "matrix_basis": [
        [
          1.0,
          -5.523351092051598e-07,
          -6.229140581126558e-07,
          -1.7338595625915332e-06
        ],
        [
          5.523351092051598e-07,
          1.0,
          2.41578845816548e-09,
          1.5444571545231156e-05
        ],
        [
          6.229140581126558e-07,
          -2.4161326273031136e-09,
          1.0,
          -3.9291904840865755e-08
        ],
        [
          0.0,
          0.0,
          0.0,
          1.0
        ]
      ],
      "matrix_local": [
        [
          6.715439440085902e-07,
          1.146321721989807e-07,
          -1.0,
          -3.0697951316833496
        ],
        [
          -1.478780209396291e-08,
          1.0,
          1.1463943394574017e-07,
          149.43923950195312
        ],
        [
          1.0,
          1.1333257249335205e-10,
          6.715443987559411e-07,
          10.55637264251709
        ],
        [
          0.0,
          0.0,
          0.0,
          1.0
        ]
      ],
      "rotation": [
        1.0,
        -1.2079802713671484e-09,
        -3.114570290563279e-07,
        2.761675546025799e-07
      ],
      "location": [
        -1.7338595625915332e-06,
        1.5444571545231156e-05,
        -3.9291904840865755e-08
      ],
      "parent_name": "head"
    },
    "eye_end_r": {
      "bone_name": "eye_end_r",
      "matrix": [
        [
          -4.3710656427720096e-08,
          -4.371023365479232e-08,
          -1.0,
          -3.069798231124878
        ],
        [
          6.534680210279475e-07,
          1.0,
          -4.370664186126305e-08,
          149.43927001953125
        ],
        [
          1.0,
          -6.681423769805406e-07,
          -4.371082695797668e-08,
          12.062007904052734
        ],
        [
          0.0,
          0.0,
          0.0,
          1.0
        ]
      ],
      "matrix_basis": [
        [
          1.0,
          5.621818104373233e-07,
          6.229141149560746e-07,
          -1.1920928955078125e-07
        ],
        [
          -5.621818104373233e-07,
          1.0,
          -3.5171542869978645e-13,
          -1.773466919985367e-07
        ],
        [
          -6.229141149560746e-07,
          1.524443099897954e-15,
          1.0,
          -8.060464438131021e-07
        ],
        [
          0.0,
          0.0,
          0.0,
          1.0
        ]
      ],
      "matrix_local": [
        [
          -4.3711906982935034e-08,
          -4.263256414560601e-14,
          -1.0,
          -3.0697951316833496
        ],
        [
          6.186110681483115e-07,
          1.0,
          7.197797913249815e-12,
          149.43923950195312
        ],
        [
          1.0,
          -6.332854809443234e-07,
          -4.3711395392165286e-08,
          12.062016487121582
        ],
        [
          0.0,
          0.0,
          0.0,
          1.0
        ]
      ],
      "rotation": [
        1.0,
        8.830996779110242e-14,
        3.114570574780373e-07,
        -2.8109090521866165e-07
      ],
      "location": [
        -1.1920928955078125e-07,
        -1.773466919985367e-07,
        -8.060464438131021e-07
      ],
      "parent_name": "eye_r"
    },
    "mouth_l": {
      "bone_name": "mouth_l",
      "matrix": [
        [
          -0.7072836756706238,
          -7.410771445393038e-07,
          -0.7069299817085266,
          2.019040822982788
        ],
        [
          3.575229357011267e-06,
          1.0,
          -4.60784167444217e-06,
          142.8777618408203
        ],
        [
          0.7069299817085266,
          -5.788813723484054e-06,
          -0.7072836756706238,
          12.51939868927002
        ],
        [
          0.0,
          0.0,
          0.0,
          1.0
        ]
      ],
      "matrix_basis": [
        [
          1.0000001192092896,
          -2.973459167776582e-08,
          2.0875098185962025e-14,
          -2.8941342407051707e-06
        ],
        [
          2.97345952304795e-08,
          1.0,
          -2.633174922550552e-08,
          1.525392599432962e-05
        ],
        [
          -2.009213481083804e-14,
          2.633174567279184e-08,
          1.0000001192092896,
          1.7326581200904911e-06
        ],
        [
          0.0,
          0.0,
          0.0,
          1.0
        ]
      ],
      "matrix_local": [
        [
          -0.707283616065979,
          -6.973672839194478e-07,
          -0.7069299221038818,
          2.019042491912842
        ],
        [
          3.5465186556393746e-06,
          1.0,
          -4.517281013249885e-06,
          142.8777313232422
        ],
        [
          0.7069299221038818,
          -5.70446582059958e-06,
          -0.707283616065979,
          12.519408226013184
        ],
        [
          0.0,
          0.0,
          0.0,
          1.0
        ]
      ],
      "rotation": [
        1.0,
        1.316587283639592e-08,
        1.0241807402167069e-14,
        1.486729583888291e-08
      ],
      "location": [
        -2.8941342407051707e-06,
        1.525392599432962e-05,
        1.7326581200904911e-06
      ],
      "parent_name": "head"
    },
    "mouth_r": {
      "bone_name": "mouth_r",
      "matrix": [
        [
          0.7069299817085266,
          -7.410773150695604e-07,
          -0.7072836756706238,
          -2.1853067874908447
        ],
        [
          4.5860074351367075e-06,
          1.0,
          3.5184821172151715e-06,
          142.91322326660156
        ],
        [
          0.7072836756706238,
          -5.733247689931886e-06,
          0.7069299817085266,
          12.778990745544434
        ],
        [
          0.0,
          0.0,
          0.0,
          1.0
        ]
      ],
      "matrix_basis": [
        [
          1.0000001192092896,
          1.2968654594658346e-08,
          1.3536320239414278e-15,
          -1.3334172308532288e-06
        ],
        [
          -1.2968656371015186e-08,
          1.0,
          -9.54648360362853e-09,
          1.5250265278154984e-05
        ],
        [
          -1.477437112369195e-15,
          9.546482715450111e-09,
          1.0000001192092896,
          -2.1717328309023287e-06
        ],
        [
          0.0,
          0.0,
          0.0,
          1.0
        ]
      ],
      "matrix_local": [
        [
          0.7069299221038818,
          -6.973671702326101e-07,
          -0.707283616065979,
          -2.185304880142212
        ],
        [
          4.534746949502733e-06,
          1.0,
          3.529052492012852e-06,
          142.91319274902344
        ],
        [
          0.707283616065979,
          -5.70446582059958e-06,
          0.7069299221038818,
          12.779000282287598
        ],
        [
          0.0,
          0.0,
          0.0,
          1.0
        ]
      ],
      "rotation": [
        1.0,
        4.7732413577250554e-09,
        7.077671781985373e-16,
        -6.484327297329173e-09
      ],
      "location": [
        -1.3334172308532288e-06,
        1.5250265278154984e-05,
        -2.1717328309023287e-06
      ],
      "parent_name": "head"
    },
    "eyelid_l": {
      "bone_name": "eyelid_l",
      "matrix": [
        [
          -0.00024289330758620054,
          6.0001642850693315e-05,
          -1.0,
          2.882181406021118
        ],
        [
          0.24254171550273895,
          0.9701411128044128,
          -7.016832910267112e-07,
          149.3492889404297
        ],
        [
          0.9701409935951233,
          -0.24254165589809418,
          -0.0002501936396583915,
          10.338458061218262
        ],
        [
          0.0,
          0.0,
          0.0,
          1.0
        ]
      ],
      "matrix_basis": [
        [
          1.0,
          -5.9604950308767e-08,
          5.890469778613294e-10,
          -1.3528624549508095e-06
        ],
        [
          5.960494320333964e-08,
          1.0000001192092896,
          2.3233894808072364e-09,
          3.865279722958803e-07
        ],
        [
          -5.890470888836319e-10,
          -2.3233897028518413e-09,
          1.0,
          3.9017459130263887e-07
        ],
        [
          0.0,
          0.0,
          0.0,
          1.0
        ]
      ],
      "matrix_local": [
        [
          -0.00024288271379191428,
          6.0044047131668776e-05,
          -1.0,
          2.8821847438812256
        ],
        [
          0.2425416111946106,
          0.9701409935951233,
          -6.579393243555387e-07,
          149.34927368164062
        ],
        [
          0.9701409935951233,
          -0.24254152178764343,
          -0.0002501936396583915,
          10.338465690612793
        ],
        [
          0.0,
          0.0,
          0.0,
          1.0
        ]
      ],
      "rotation": [
        1.0,
        -1.1616947404036182e-09,
        2.9452351668624033e-10,
        2.980247160166982e-08
      ],
      "location": [
        -1.3528624549508095e-06,
        3.865279722958803e-07,
        3.9017459130263887e-07
      ],
      "parent_name": "head"
    },
    "eyelid_end_l": {
      "bone_name": "eyelid_end_l",
      "matrix": [
        [
          -0.0002428932930342853,
          5.991482612444088e-05,
          -0.9999999403953552,
          2.8817336559295654
        ],
        [
          0.24254214763641357,
          0.9701409935951233,
          -7.860155619709985e-07,
          149.79676818847656
        ],
        [
          0.9701408743858337,
          -0.2425420880317688,
          -0.00025017253938131034,
          12.128470420837402
        ],
        [
          0.0,
          0.0,
          0.0,
          1.0
        ]
      ],
      "matrix_basis": [
        [
          1.0,
          -4.440892098500626e-16,
          -7.467803285476915e-12,
          9.769962616701378e-15
        ],
        [
          4.440892098500626e-16,
          1.0,
          2.8137490167695622e-12,
          -3.2292475225403905e-05
        ],
        [
          7.467804152838653e-12,
          -2.8137492336099967e-12,
          0.9999999403953552,
          -7.031630957499146e-07
        ],
        [
          0.0,
          0.0,
          0.0,
          1.0
        ]
      ],
      "matrix_local": [
        [
          -0.00024288268468808383,
          5.995722676743753e-05,
          -1.0,
          2.8817362785339355
        ],
        [
          0.24254204332828522,
          0.9701408743858337,
          -7.422725616379466e-07,
          149.79678344726562
        ],
        [
          0.9701408743858337,
          -0.24254195392131805,
          -0.0002501725684851408,
          12.128470420837402
        ],
        [
          0.0,
          0.0,
          0.0,
          1.0
        ]
      ],
      "rotation": [
        1.0,
        -1.4068746168049984e-12,
        -3.7339020764193265e-12,
        2.220446049250313e-16
      ],
      "location": [
        9.769962616701378e-15,
        -3.2292475225403905e-05,
        -7.031630957499146e-07
      ],
      "parent_name": "eyelid_l"
    },
    "eyelid_r": {
      "bone_name": "eyelid_r",
      "matrix": [
        [
          -0.00024290055443998426,
          6.000113353366032e-05,
          -1.0,
          -3.069797992706299
        ],
        [
          0.24254177510738373,
          0.9701410531997681,
          -7.039424758659152e-07,
          149.43927001953125
        ],
        [
          0.9701409339904785,
          -0.24254164099693298,
          -0.0002502005663700402,
          10.556365013122559
        ],
        [
          0.0,
          0.0,
          0.0,
          1.0
        ]
      ],
      "matrix_basis": [
        [
          1.0,
          -5.9604950308767e-08,
          5.890469778613294e-10,
          2.636865247040987e-06
        ],
        [
          5.960494320333964e-08,
          1.0000001192092896,
          2.3233894808072364e-09,
          1.5339013771153986e-05
        ],
        [
          -5.890470888836319e-10,
          -2.3233897028518413e-09,
          1.0,
          -7.073958840919659e-08
        ],
        [
          0.0,
          0.0,
          0.0,
          1.0
        ]
      ],
      "matrix_local": [
        [
          -0.000242889960645698,
          6.0043537814635783e-05,
          -1.0,
          -3.0697951316833496
        ],
        [
          0.24254167079925537,
          0.9701409339904785,
          -6.601985091947427e-07,
          149.43923950195312
        ],
        [
          0.9701409339904785,
          -0.24254150688648224,
          -0.0002502005663700402,
          10.55637264251709
        ],
        [
          0.0,
          0.0,
          0.0,
          1.0
        ]
      ],
      "rotation": [
        1.0,
        -1.1616947404036182e-09,
        2.9452351668624033e-10,
        2.980247160166982e-08
      ],
      "location": [
        2.636865247040987e-06,
        1.5339013771153986e-05,
        -7.073958840919659e-08
      ],
      "parent_name": "head"
    },
    "eyelid_end_r": {
      "bone_name": "eyelid_end_r",
      "matrix": [
        [
          2.5100553102674894e-05,
          0.00024900477728806436,
          -0.9999999403953552,
          -3.070246696472168
        ],
        [
          0.9946779608726501,
          -0.1030343696475029,
          -6.890982717777661e-07,
          149.88674926757812
        ],
        [
          -0.10303442180156708,
          -0.9946777820587158,
          -0.0002502657298464328,
          12.346373558044434
        ],
        [
          0.0,
          0.0,
          0.0,
          1.0
        ]
      ],
      "matrix_basis": [
        [
          1.0,
          -4.470348358154297e-08,
          4.564962232007919e-13,
          -4.704971797764301e-05
        ],
        [
          4.470348713425665e-08,
          0.9999999403953552,
          2.2856072937060823e-11,
          1.8868590814236086e-06
        ],
        [
          -4.564972531928557e-13,
          -2.2856072937060823e-11,
          0.9999999403953552,
          4.72791725769639e-07
        ],
        [
          0.0,
          0.0,
          0.0,
          1.0
        ]
      ],
      "matrix_local": [
        [
          2.5144019673462026e-05,
          0.00024900026619434357,
          -1.0,
          -3.0702433586120605
        ],
        [
          0.9946777820587158,
          -0.10303424298763275,
          -6.4535248611719e-07,
          149.8867645263672
        ],
        [
          -0.10303424298763275,
          -0.9946778416633606,
          -0.0002502657298464328,
          12.346378326416016
        ],
        [
          0.0,
          0.0,
          0.0,
          1.0
        ]
      ],
      "rotation": [
        1.0,
        -1.142803733589215e-11,
        2.2824838265093905e-13,
        2.2351743567128324e-08
      ],
      "location": [
        -4.704971797764301e-05,
        1.8868590814236086e-06,
        4.72791725769639e-07
      ],
      "parent_name": "eyelid_r"
    },
    "eyebrow_l": {
      "bone_name": "eyebrow_l",
      "matrix": [
        [
          -0.707106351852417,
          -0.7071070075035095,
          0.0002501764101907611,
          1.7491761445999146
        ],
        [
          -0.7071071267127991,
          0.7071062326431274,
          -5.710061941499589e-06,
          150.7415313720703
        ],
        [
          -0.00017286266665905714,
          -0.00018097272550221533,
          -0.9999998807907104,
          13.046893119812012
        ],
        [
          0.0,
          0.0,
          0.0,
          1.0
        ]
      ],
      "matrix_basis": [
        [
          1.0,
          2.9797050160595973e-08,
          -4.072603587701451e-08,
          -1.0011717677116394e-06
        ],
        [
          -2.979705371330965e-08,
          0.9999998807907104,
          1.84977579920087e-08,
          1.3853423297405243e-07
        ],
        [
          4.072603587701451e-08,
          -1.849775621565186e-08,
          1.0,
          9.757059160619974e-07
        ],
        [
          0.0,
          0.0,
          0.0,
          1.0
        ]
      ],
      "matrix_local": [
        [
          -0.707106351852417,
          -0.7071070671081543,
          0.00025016069412231445,
          1.749178171157837
        ],
        [
          -0.7071071267127991,
          0.7071062922477722,
          -5.707247510144953e-06,
          150.74151611328125
        ],
        [
          -0.00017285355716012418,
          -0.00018095961422659457,
          -0.9999998807907104,
          13.046900749206543
        ],
        [
          0.0,
          0.0,
          0.0,
          1.0
        ]
      ],
      "rotation": [
        1.0,
        -9.24887899600435e-09,
        -2.0363017938507255e-08,
        -1.4898526856654826e-08
      ],
      "location": [
        -1.0011717677116394e-06,
        1.3853423297405243e-07,
        9.757059160619974e-07
      ],
      "parent_name": "head"
    },
    "eyebrow_r": {
      "bone_name": "eyebrow_r",
      "matrix": [
        [
          0.7071076035499573,
          0.7071059346199036,
          -0.00025013662525452673,
          -2.130557060241699
        ],
        [
          -0.707105815410614,
          0.7071077823638916,
          6.174675945658237e-06,
          150.69479370117188
        ],
        [
          0.00018108509539160877,
          0.00017260275490116328,
