{
  "armature_name": "Armature",
  "armature_matrix": [
    [
      0.009999999776482582,
      0.0,
      0.0,
      0.0
    ],
    [
      0.0,
      -4.3711387287537207e-10,
      -0.009999999776482582,
      0.0
    ],
    [
      0.0,
      0.009999999776482582,
      -4.3711387287537207e-10,
      0.0
    ],
    [
      0.0,
      0.0,
      0.0,
      1.0
    ]
  ],
  "pose_bones": {
    "Hips": {
      "bone_name": "Hips",
      "matrix": [
        [
          1.0,
          -8.83553184394259e-07,
          -2.7526880330697168e-08,
          -6.757011760782916e-06
        ],
        [
          8.83553184394259e-07,
          1.0,
          -1.494691448790473e-14,
          99.79193878173828
        ],
        [
          2.7526880330697168e-08,
          -9.37454900219823e-15,
          1.0,
          4.844367504119873e-05
        ],
        [
          0.0,
          0.0,
          0.0,
          1.0
        ]
      ],
      "matrix_basis": [
        [
          1.0,
          -8.83553184394259e-07,
          -2.7526880330697168e-08,
          -6.757011760782916e-06
        ],
        [
          8.83553184394259e-07,
          1.0,
          -1.494691448790473e-14,
          0.119873046875
        ],
        [
          2.7526880330697168e-08,
          -9.37454900219823e-15,
          1.0,
          -0.24700361490249634
        ],
        [
          0.0,
          0.0,
          0.0,
          1.0
        ]
      ],
      "matrix_local": [
        [
          1.0,
          0.0,
          0.0,
          0.0
        ],
        [
          0.0,
          1.0,
          0.0,
          99.67206573486328
        ],
        [
          0.0,
          0.0,
          1.0,
          0.24705205857753754
        ],
        [
          0.0,
          0.0,
          0.0,
          1.0
        ]
      ],
      "rotation": [
        1.0,
        1.3930913714266246e-15,
        -1.3763440165348584e-08,
        4.417765921971295e-07
      ],
      "location": [
        -6.757011760782916e-06,
        0.119873046875,
        -0.24700361490249634
      ],
      "parent_name": ""
    },
    "Spine": {
      "bone_name": "Spine",
      "matrix": [
        [
          1.0,
          -1.8189894035458565e-12,
          0.0,
          -1.4926298717909958e-05
        ],
        [
          1.8189894035458565e-12,
          1.0,
          0.0,
          109.71540069580078
        ],
        [
          0.0,
          0.0,
          1.0,
          -1.227286458015442
        ],
        [
          0.0,
          0.0,
          0.0,
          1.0
        ]
      ],
      "matrix_basis": [
        [
          1.0,
          8.835513654048555e-07,
          2.7526880330697168e-08,
          0.0
        ],
        [
          -8.835513654048555e-07,
          1.0,
          -9.37454900219823e-15,
          -2.86102294921875e-06
        ],
        [
          -2.7526880330697168e-08,
          -1.4946863665927894e-14,
          1.0,
          0.0
        ],
        [
          0.0,
          0.0,
          0.0,
          1.0
        ]
      ],
      "matrix_local": [
        [
          1.0,
          0.0,
          0.0,
          5.648319643114519e-07
        ],
        [
          0.0,
          1.0,
          0.0,
          109.59552764892578
        ],
        [
          0.0,
          0.0,
          1.0,
          -0.9802827835083008
        ],
        [
          0.0,
          0.0,
          0.0,
          1.0
        ]
      ],
      "rotation": [
        1.0,
        -1.3930786659324158e-15,
        1.3763440165348584e-08,
        -4.4177568270242773e-07
      ],
      "location": [
        0.0,
        -2.86102294921875e-06,
        0.0
      ],
      "parent_name": "Hips"
    },
    "Spine1": {
      "bone_name": "Spine1",
      "matrix": [
        [
          1.0,
          -4.547473508864641e-13,
          8.526514862000276e-14,
          -0.0001537915231892839
        ],
        [
          4.547473508864641e-13,
          1.0,
          1.938705793266323e-26,
          121.36083984375
        ],
        [
          -8.526514862000276e-14,
          1.938704406596763e-26,
          1.0,
          -2.649627685546875
        ],
        [
          0.0,
          0.0,
          0.0,
          1.0
        ]
      ],
      "matrix_basis": [
        [
          1.0,
          1.3642420526593924e-12,
          8.526514862000276e-14,
          0.0
        ],
        [
          -1.3642420526593924e-12,
          1.0,
          -1.357093438988844e-25,
          9.5367431640625e-07
        ],
        [
          -8.526514862000276e-14,
          1.938704406596763e-26,
          1.0,
          1.1920928955078125e-07
        ],
        [
          0.0,
          0.0,
          0.0,
          1.0
        ]
      ],
      "matrix_local": [
        [
          1.0,
          0.0,
          0.0,
          -0.00013830038369633257
        ],
        [
          0.0,
          1.0,
          0.0,
          121.240966796875
        ],
        [
          0.0,
          0.0,
          1.0,
          -2.4026241302490234
        ],
        [
          0.0,
          0.0,
          0.0,
          1.0
        ]
      ],
      "rotation": [
        1.0,
        3.8774097376398994e-26,
        4.263257431000138e-14,
        -6.821210263296962e-13
      ],
      "location": [
        0.0,
        9.5367431640625e-07,
        1.1920928955078125e-07
      ],
      "parent_name": "Spine"
    },
    "Spine2": {
      "bone_name": "Spine2",
      "matrix": [
        [
          1.0,
          -4.547473508864641e-13,
          8.526514862000276e-14,
          -6.235080945771188e-05
        ],
        [
          4.547473508864641e-13,
          1.0,
          1.938705793266323e-26,
          134.72103881835938
        ],
        [
          -8.526514862000276e-14,
          1.938704406596763e-26,
          1.0,
          -4.276087284088135
        ],
        [
          0.0,
          0.0,
          0.0,
          1.0
        ]
      ],
      "matrix_basis": [
        [
          1.0,
          3.6112845235910026e-35,
          0.0,
          0.0
        ],
        [
          -3.6112845235910026e-35,
          1.0,
          0.0,
          4.76837158203125e-06
        ],
        [
          0.0,
          0.0,
          1.0,
          -1.1920928955078125e-07
        ],
        [
          0.0,
          0.0,
          0.0,
          1.0
        ]
      ],
      "matrix_local": [
        [
          1.0,
          0.0,
          0.0,
          -4.685966268880293e-05
        ],
        [
          0.0,
          1.0,
          0.0,
          134.60116577148438
        ],
        [
          0.0,
          0.0,
          1.0,
          -4.029083728790283
        ],
        [
          0.0,
          0.0,
          0.0,
          1.0
        ]
      ],
      "rotation": [
        1.0,
        0.0,
        0.0,
        -1.8056422617955013e-35
      ],
      "location": [
        0.0,
        4.76837158203125e-06,
        -1.1920928955078125e-07
      ],
      "parent_name": "Spine1"
    },
    "Neck": {
      "bone_name": "Neck",
      "matrix": [
        [
          1.0,
          5.421010862427522e-20,
          -7.047314121155779e-19,
          -3.7148733099456877e-05
        ],
        [
          -5.421010862427522e-20,
          1.0,
          1.0408340855860843e-17,
          149.75352478027344
        ],
        [
          7.047314121155779e-19,
          -1.0408340855860843e-17,
          1.0,
          -3.483182430267334
        ],
        [
          0.0,
          0.0,
          0.0,
          1.0
        ]
      ],
      "matrix_basis": [
        [
          1.0,
          4.547474050965727e-13,
          -8.526585335141487e-14,
          -1.8189894035458565e-12
        ],
        [
          -4.547474050965727e-13,
          1.0,
          1.0408340855860843e-17,
          -1.049041748046875e-05
        ],
        [
          8.526585335141487e-14,
          -1.0408340855860843e-17,
          1.0,
          -5.960464477539063e-08
        ],
        [
          0.0,
          0.0,
          0.0,
          1.0
        ]
      ],
      "matrix_local": [
        [
          1.0,
          0.0,
          0.0,
          -2.1657579054590315e-05
        ],
        [
          0.0,
          1.0,
          0.0,
          149.6336669921875
        ],
        [
          0.0,
          0.0,
          1.0,
          -3.2361788749694824
        ],
        [
          0.0,
          0.0,
          0.0,
          1.0
        ]
      ],
      "rotation": [
        1.0,
        -5.204170427930421e-18,
        -4.2632926675707436e-14,
        -2.2737370254828637e-13
      ],
      "location": [
        -1.8189894035458565e-12,
        -1.049041748046875e-05,
        -5.960464477539063e-08
      ],
      "parent_name": "Spine2"
    },
    "Head": {
      "bone_name": "Head",
      "matrix": [
        [
          1.0,
          5.4210105393100954e-20,
          -7.047314121155779e-19,
          -3.477798600215465e-05
        ],
        [
          -5.421010862427522e-20,
          0.9999999403953552,
          1.0408340855860843e-17,
          160.07534790039062
        ],
        [
          7.047314121155779e-19,
          -1.040834002868023e-17,
          1.0,
          -0.34075355529785156
        ],
        [
          0.0,
          0.0,
          0.0,
          1.0
        ]
      ],
      "matrix_basis": [
        [
          1.0,
          -4.631749077461581e-36,
          0.0,
          -6.821210263296962e-13
        ],
        [
          4.631749077461581e-36,
          1.0,
          0.0,
          7.62939453125e-06
        ],
        [
          0.0,
          0.0,
          1.0,
          0.0
        ],
        [
          0.0,
          0.0,
          0.0,
          1.0
        ]
      ],
      "matrix_local": [
        [
          1.0,
          0.0,
          0.0,
          -1.9286830138298683e-05
        ],
        [
          0.0,
          0.9999999403953552,
          0.0,
          159.9554901123047
        ],
        [
          0.0,
          0.0,
          1.0,
          -0.09375
        ],
        [
          0.0,
          0.0,
          0.0,
          1.0
        ]
      ],
      "rotation": [
        1.0,
        0.0,
        0.0,
        2.3158745387307906e-36
      ],
      "location": [
        -6.821210263296962e-13,
        7.62939453125e-06,
        0.0
      ],
      "parent_name": "Neck"
    },
    "HeadTop_End": {
      "bone_name": "HeadTop_End",
      "matrix": [
        [
          1.0,
          5.4210105393100954e-20,
          -7.047314121155779e-19,
          0.0001193946081912145
        ],
        [
          -5.421010862427522e-20,
          0.9999999403953552,
          1.0408340855860843e-17,
          178.55001831054688
        ],
        [
          7.047314121155779e-19,
          -1.040834002868023e-17,
          1.0,
          6.295645713806152
        ],
        [
          0.0,
          0.0,
          0.0,
          1.0
        ]
      ],
      "matrix_basis": [
        [
          1.0,
          0.0,
          0.0,
          0.0
        ],
        [
          0.0,
          1.0,
          0.0,
          0.0
        ],
        [
          0.0,
          0.0,
          1.0,
          0.0
        ],
        [
          0.0,
          0.0,
          0.0,
          1.0
        ]
      ],
      "matrix_local": [
        [
          1.0,
          0.0,
          0.0,
          0.00013488576223608106
        ],
        [
          0.0,
          0.9999999403953552,
          0.0,
          178.43016052246094
        ],
        [
          0.0,
          0.0,
          1.0,
          6.542649269104004
        ],
        [
          0.0,
          0.0,
          0.0,
          1.0
        ]
      ],
      "rotation": [
        1.0,
        0.0,
        0.0,
        0.0
      ],
      "location": [
        0.0,
        0.0,
        0.0
      ],
      "parent_name": "Head"
    },
    "LeftEye": {
      "bone_name": "LeftEye",
      "matrix": [
        [
          1.0,
          5.4210105393100954e-20,
          -7.047314121155779e-19,
          2.947880268096924
        ],
        [
          -5.421010862427522e-20,
          0.9999999403953552,
          1.0408340855860843e-17,
          167.75709533691406
        ],
        [
          7.047314121155779e-19,
          -1.040834002868023e-17,
          1.0,
          8.779977798461914
        ],
        [
          0.0,
          0.0,
          0.0,
          1.0
        ]
      ],
      "matrix_basis": [
        [
          1.0,
          0.0,
          0.0,
          0.0
        ],
        [
          0.0,
          1.0,
          0.0,
          0.0
        ],
        [
          0.0,
          0.0,
          1.0,
          0.0
        ],
        [
          0.0,
          0.0,
          0.0,
          1.0
        ]
      ],
      "matrix_local": [
        [
          1.0,
          0.0,
          0.0,
          2.9478957653045654
        ],
        [
          0.0,
          0.9999999403953552,
          0.0,
          167.63723754882812
        ],
        [
          0.0,
          0.0,
          1.0,
          9.026981353759766
        ],
        [
          0.0,
          0.0,
          0.0,
          1.0
        ]
      ],
      "rotation": [
        1.0,
        0.0,
        0.0,
        0.0
      ],
      "location": [
        0.0,
        0.0,
        0.0
      ],
      "parent_name": "Head"
    },
    "RightEye": {
      "bone_name": "RightEye",
      "matrix": [
        [
          1.0,
          5.4210105393100954e-20,
          -7.047314121155779e-19,
          -2.9445157051086426
        ],
        [
          -5.421010862427522e-20,
          0.9999999403953552,
          1.0408340855860843e-17,
          167.75709533691406
        ],
        [
          7.047314121155779e-19,
          -1.040834002868023e-17,
          1.0,
          8.779742240905762
        ],
        [
          0.0,
          0.0,
          0.0,
          1.0
        ]
      ],
      "matrix_basis": [
        [
          1.0,
          0.0,
          0.0,
          0.0
        ],
        [
          0.0,
          1.0,
          0.0,
          0.0
        ],
        [
          0.0,
          0.0,
          1.0,
          0.0
        ],
        [
          0.0,
          0.0,
          0.0,
          1.0
        ]
      ],
      "matrix_local": [
        [
          1.0,
          0.0,
          0.0,
          -2.944500207901001
        ],
        [
          0.0,
          0.9999999403953552,
          0.0,
          167.63723754882812
        ],
        [
          0.0,
          0.0,
          1.0,
          9.026745796203613
        ],
        [
          0.0,
          0.0,
          0.0,
          1.0
        ]
      ],
      "rotation": [
        1.0,
        0.0,
        0.0,
        0.0
      ],
      "location": [
        0.0,
        0.0,
        0.0
      ],
      "parent_name": "Head"
    },
    "LeftShoulder": {
      "bone_name": "LeftShoulder",
      "matrix": [
        [
          1.0,
          -8.940696716308594e-08,
          -3.9967893361234075e-15,
          6.105762004852295
        ],
        [
          8.940696716308594e-08,
          1.0,
          8.940696716308594e-08,
          143.8314666748047
        ],
        [
          -3.99681644117772e-15,
          -8.940696716308594e-08,
          1.0,
          -3.5705363750457764
        ],
        [
          0.0,
          0.0,
          0.0,
          1.0
        ]
      ],
      "matrix_basis": [
        [
          1.0,
          -8.940651241573505e-08,
          -8.92618972985447e-14,
          0.0
        ],
        [
          8.940651241573505e-08,
          1.0,
          8.940696716308594e-08,
          -3.814697265625e-06
        ],
        [
          8.126833217882504e-14,
          -8.940696716308594e-08,
          1.0,
          -5.960464477539063e-08
        ],
        [
          0.0,
          0.0,
          0.0,
          1.0
        ]
      ],
      "matrix_local": [
        [
          1.0,
          0.0,
          0.0,
          6.105777740478516
        ],
        [
          0.0,
          1.0,
          0.0,
          143.7115936279297
        ],
        [
          0.0,
          0.0,
          1.0,
          -3.323532819747925
        ],
        [
          0.0,
          0.0,
          0.0,
          1.0
        ]
      ],
      "rotation": [
        1.0,
        -4.470348358154297e-08,
        -4.263255736934243e-14,
        4.4703256207867526e-08
      ],
      "location": [
        0.0,
        -3.814697265625e-06,
        -5.960464477539063e-08
      ],
      "parent_name": "Spine2"
    },
    "LeftArm": {
      "bone_name": "LeftArm",
      "matrix": [
        [
          1.0,
          -3.5734081293255754e-22,
          1.3129010682441655e-20,
          18.760799407958984
        ],
        [
          -3.5734197413581e-22,
          1.0,
          0.0,
          143.56553649902344
        ],
        [
          -1.3129010682441655e-20,
          0.0,
          1.0,
          -6.1714582443237305
        ],
        [
          0.0,
          0.0,
          0.0,
          1.0
        ]
      ],
      "matrix_basis": [
        [
          1.0,
          8.940696716308594e-08,
          -3.996803312167037e-15,
          0.0
        ],
        [
          -8.940696716308594e-08,
          1.0,
          -8.940696716308594e-08,
          -4.32133674621582e-06
        ],
        [
          -3.99680246513409e-15,
          8.940696716308594e-08,
          1.0,
          0.0
        ],
        [
          0.0,
          0.0,
          0.0,
          1.0
        ]
      ],
      "matrix_local": [
        [
          1.0,
          0.0,
          0.0,
          18.760814666748047
        ],
        [
          0.0,
          1.0,
          0.0,
          143.44566345214844
        ],
        [
          0.0,
          0.0,
          1.0,
          -5.924454689025879
        ],
        [
          0.0,
          0.0,
          0.0,
          1.0
        ]
      ],
      "rotation": [
        1.0,
        4.470348358154297e-08,
        -2.117582368135751e-22,
        -4.470348358154297e-08
      ],
      "location": [
        0.0,
        -4.32133674621582e-06,
        0.0
      ],
      "parent_name": "LeftShoulder"
    },
    "LeftForeArm": {
      "bone_name": "LeftForeArm",
      "matrix": [
        [
          1.0,
          -4.65019288097598e-16,
          7.801723711509112e-09,
          46.16548156738281
        ],
        [
          -4.65019288097598e-16,
          1.0,
          1.1920927533992653e-07,
          143.56558227539062
        ],
        [
          -7.801723711509112e-09,
          -1.1920927533992653e-07,
          1.0,
          -6.171451568603516
        ],
        [
          0.0,
          0.0,
          0.0,
          1.0
        ]
      ],
      "matrix_basis": [
        [
          1.0,
          -4.650189175206835e-16,
          7.801723711509112e-09,
          1.9073486328125e-06
        ],
        [
          -4.650189175206835e-16,
          1.0,
          1.1920927533992653e-07,
          8.609098586020991e-06
        ],
        [
          -7.801723711509112e-09,
          -1.1920927533992653e-07,
          1.0,
          -8.761026037973352e-08
        ],
        [
          0.0,
          0.0,
          0.0,
          1.0
        ]
      ],
      "matrix_local": [
        [
          1.0,
          0.0,
          0.0,
          46.165496826171875
        ],
        [
          0.0,
          1.0,
          0.0,
          143.44569396972656
        ],
        [
          0.0,
          0.0,
          1.0,
          -5.924448013305664
        ],
        [
          0.0,
          0.0,
          0.0,
          1.0
        ]
      ],
      "rotation": [
        1.0,
        -5.960463766996327e-08,
        3.900861855754556e-09,
        0.0
      ],
      "location": [
        1.9073486328125e-06,
        8.609098586020991e-06,
        -8.761026037973352e-08
      ],
      "parent_name": "LeftArm"
    },
    "LeftHand": {
      "bone_name": "LeftHand",
      "matrix": [
        [
          1.0,
          -4.235594514012675e-12,
          -8.160522924072211e-08,
          73.77994537353516
        ],
        [
          3.8388710545361575e-15,
          1.0,
          -5.1856426580343395e-05,
          143.56561279296875
        ],
        [
          8.160522924072211e-08,
          5.1856426580343395e-05,
          1.0,
          -6.171432018280029
        ],
        [
          0.0,
          0.0,
          0.0,
          1.0
        ]
      ],
      "matrix_basis": [
        [
          1.0,
          -4.640629026886334e-12,
          -8.940695295223122e-08,
          0.0
        ],
        [
          -6.354248046789787e-15,
          1.0,
          -5.197563586989418e-05,
          -1.5657697076676413e-06
        ],
        [
          8.940695295223122e-08,
          5.197563586989418e-05,
          1.0,
          9.626273822505027e-08
        ],
        [
          0.0,
          0.0,
          0.0,
          1.0
        ]
      ],
      "matrix_local": [
        [
          1.0,
          0.0,
          0.0,
          73.77996063232422
        ],
        [
          0.0,
          1.0,
          0.0,
          143.4457244873047
        ],
        [
          0.0,
          0.0,
          1.0,
          -5.924428462982178
        ],
        [
          0.0,
          0.0,
          0.0,
          1.0
        ]
      ],
      "rotation": [
        1.0,
        2.598781793494709e-05,
        -4.470347647611561e-08,
        1.1585686836984577e-12
      ],
      "location": [
        0.0,
        -1.5657697076676413e-06,
        9.626273822505027e-08
      ],
      "parent_name": "LeftForeArm"
    },
    "LeftHandMiddle1": {
      "bone_name": "LeftHandMiddle1",
      "matrix": [
        [
          1.0,
          5.960506399560472e-08,
          7.798661272317986e-09,
          86.55546569824219
        ],
        [
          -5.960465188081798e-08,
          0.9999999403953552,
          -5.188622890273109e-05,
          143.5656280517578
        ],
        [
          -7.801752133218542e-09,
          5.1886225264752284e-05,
          1.0,
          -6.17141056060791
        ],
        [
          0.0,
          0.0,
          0.0,
          1.0
        ]
      ],
      "matrix_basis": [
        [
          1.0,
          5.960929883030985e-08,
          8.94038905130401e-08,
          -4.76837158203125e-06
        ],
        [
          -5.960929883030985e-08,
          1.0,
          -2.9802322387695312e-08,
          -1.916764631459955e-06
        ],
        [
          -8.94038905130401e-08,
          2.9802315282267955e-08,
          1.0,
          -8.553979569114745e-08
        ],
        [
          0.0,
          0.0,
          0.0,
          1.0
        ]
      ],
      "matrix_local": [
        [
          1.0,
          0.0,
          0.0,
          86.55548858642578
        ],
        [
          0.0,
          0.9999999403953552,
          0.0,
          143.44573974609375
        ],
        [
          0.0,
          0.0,
          1.0,
          -5.924407958984375
        ],
        [
          0.0,
          0.0,
          0.0,
          1.0
        ]
      ],
      "rotation": [
        1.0,
        1.4901159417490817e-08,
        4.470194525652005e-08,
        -2.980464941515493e-08
      ],
      "location": [
        -4.76837158203125e-06,
        -1.916764631459955e-06,
        -8.553979569114745e-08
      ],
      "parent_name": "LeftHand"
    },
    "LeftHandMiddle2": {
      "bone_name": "LeftHandMiddle2",
      "matrix": [
        [
          1.0,
          5.960351145972709e-08,
          -2.2003664668091005e-08,
          90.16943359375
        ],
        [
          -5.960464477539063e-08,
          0.9999999403953552,
          -5.1856426580343395e-05,
          143.5656280517578
        ],
        [
          2.2000577359904128e-08,
          5.185642294236459e-05,
          1.0,
          -6.171408176422119
        ],
        [
          0.0,
          0.0,
          0.0,
          1.0
        ]
      ],
      "matrix_basis": [
        [
          1.0,
          -1.552547695439499e-12,
          -2.980232949312267e-08,
          3.5762786865234375e-06
        ],
        [
          1.5534358738591991e-12,
          1.0,
          2.9802322387695312e-08,
          2.6601378522173036e-06
        ],
        [
          2.980232949312267e-08,
          -2.9802322387695312e-08,
          1.0,
          7.817743608029559e-08
        ],
        [
          0.0,
          0.0,
          0.0,
          1.0
        ]
      ],
      "matrix_local": [
        [
          1.0,
          0.0,
          0.0,
          90.1694564819336
        ],
        [
          0.0,
          0.9999999403953552,
          0.0,
          143.44573974609375
        ],
        [
          0.0,
          0.0,
          1.0,
          -5.924405574798584
        ],
        [
          0.0,
          0.0,
          0.0,
          1.0
        ]
      ],
      "rotation": [
        1.0,
        -1.4901161193847656e-08,
        -1.4901164746561335e-08,
        7.764958923246745e-13
      ],
      "location": [
        3.5762786865234375e-06,
        2.6601378522173036e-06,
        7.817743608029559e-08
      ],
      "parent_name": "LeftHandMiddle1"
    },
    "LeftHandMiddle3": {
      "bone_name": "LeftHandMiddle3",
      "matrix": [
        [
          1.0,
          2.9801181966604418e-08,
          -2.2002124566711245e-08,
          93.62919616699219
        ],
        [
          -2.9802318834981634e-08,
          0.9999999403953552,
          -5.1856426580343395e-05,
          143.5656280517578
        ],
        [
          2.2000582688974646e-08,
          5.185642294236459e-05,
          1.0,
          -6.17143440246582
        ],
        [
          0.0,
          0.0,
          0.0,
          1.0
        ]
      ],
      "matrix_basis": [
        [
          1.0,
          -2.980232949312267e-08,
          1.5401133059839145e-12,
          -2.384185791015625e-06
        ],
        [
          2.980232949312267e-08,
          1.0,
          -6.557134036997347e-16,
          5.432470970845316e-07
        ],
        [
          -1.5401133059839145e-12,
          6.557593552371233e-16,
          1.0,
          2.832020982168615e-07
        ],
        [
          0.0,
          0.0,
          0.0,
          1.0
        ]
      ],
      "matrix_local": [
        [
          1.0,
          0.0,
          0.0,
          93.62921905517578
        ],
        [
          0.0,
          0.9999999403953552,
          0.0,
          143.44573974609375
        ],
        [
          0.0,
          0.0,
          1.0,
          -5.924432277679443
        ],
        [
          0.0,
          0.0,
          0.0,
          1.0
        ]
      ],
      "rotation": [
        1.0,
        3.278681897342145e-16,
        7.700566529919572e-13,
        1.4901164746561335e-08
      ],
      "location": [
        -2.384185791015625e-06,
        5.432470970845316e-07,
        2.832020982168615e-07
      ],
      "parent_name": "LeftHandMiddle2"
    },
    "LeftHandMiddle4": {
      "bone_name": "LeftHandMiddle4",
      "matrix": [
        [
          1.0,
          2.9801181966604418e-08,
          -2.2002124566711245e-08,
          97.30938720703125
        ],
        [
          -2.9802318834981634e-08,
          0.9999999403953552,
          -5.1856426580343395e-05,
          143.5656280517578
        ],
        [
          2.2000582688974646e-08,
          5.185642294236459e-05,
          1.0,
          -6.171401500701904
        ],
        [
          0.0,
          0.0,
          0.0,
          1.0
        ]
      ],
      "matrix_basis": [
        [
          1.0,
          0.0,
          0.0,
          0.0
        ],
        [
          0.0,
          1.0,
          0.0,
          0.0
        ],
        [
          0.0,
          0.0,
          1.0,
          0.0
        ],
        [
          0.0,
          0.0,
          0.0,
          1.0
        ]
      ],
      "matrix_local": [
        [
          1.0,
          0.0,
          0.0,
          97.30941009521484
        ],
        [
          0.0,
          0.9999999403953552,
          0.0,
          143.44573974609375
        ],
        [
          0.0,
          0.0,
          1.0,
          -5.924399375915527
        ],
        [
          0.0,
          0.0,
          0.0,
          1.0
        ]
      ],
      "rotation": [
        1.0,
        0.0,
        0.0,
        0.0
      ],
      "location": [
        0.0,
        0.0,
        0.0
      ],
      "parent_name": "LeftHandMiddle3"
    },
    "LeftHandThumb1": {
      "bone_name": "LeftHandThumb1",
      "matrix": [
        [
          1.0,
          -1.91575654753251e-05,
          -1.698190681054257e-05,
          77.56875610351562
        ],
        [
          1.9157036149408668e-05,
          1.0,
          -3.109013778157532e-05,
          141.39846801757812
        ],
        [
          1.698250343906693e-05,
          3.1089810363482684e-05,
          1.0,
          -3.1684560775756836
        ],
        [
          0.0,
          0.0,
          0.0,
          1.0
        ]
      ],
      "matrix_basis": [
        [
          1.0,
          -1.9157563656335697e-05,
          -1.690030148893129e-05,
          -1.1920928955078125e-06
        ],
        [
          1.9157912902301177e-05,
          1.0,
          2.0766290617757477e-05,
          -4.5299530029296875e-06
        ],
        [
          1.6899904949241318e-05,
          -2.0766614397871308e-05,
          1.0,
          0.0
        ],
        [
          0.0,
          0.0,
          0.0,
          1.0
        ]
      ],
      "matrix_local": [
        [
          1.0,
          0.0,
          0.0,
          77.56877136230469
        ],
        [
          0.0,
          1.0,
          0.0,
          141.2787322998047
        ],
        [
          0.0,
          0.0,
          1.0,
          -2.9213404655456543
        ],
        [
          0.0,
          0.0,
          0.0,
          1.0
        ]
      ],
      "rotation": [
        1.0,
        -1.0383226253907196e-05,
        -8.450051609543152e-06,
        9.578869139659218e-06
      ],
      "location": [
        -1.1920928955078125e-06,
        -4.5299530029296875e-06,
        0.0
      ],
      "parent_name": "LeftHand"
    },
    "LeftHandThumb2": {
      "bone_name": "LeftHandThumb2",
      "matrix": [
        [
          1.0,
          -7.775997801218182e-06,
          -1.0627696610754356e-05,
          81.24420166015625
        ],
        [
          7.775556696287822e-06,
          1.0,
          -4.135503695579246e-05,
          139.27647399902344
        ],
        [
          1.0628018571878783e-05,
          4.1354953282279894e-05,
          1.0,
          -1.0464472770690918
        ],
        [
          0.0,
          0.0,
          0.0,
          1.0
        ]
      ],
      "matrix_basis": [
        [
          1.0,
          1.1381742297089659e-05,
          6.35401374893263e-06,
          -2.6226043701171875e-06
        ],
        [
          -1.1381676813471131e-05,
          1.0,
          -1.0265022865496576e-05,
          1.430511474609375e-06
        ],
        [
          -6.354130164254457e-06,
          1.0264950105920434e-05,
          1.0,
          0.0
        ],
        [
          0.0,
          0.0,
          0.0,
          1.0
        ]
      ],
      "matrix_local": [
        [
          1.0,
          0.0,
          0.0,
          81.24421691894531
        ],
        [
          0.0,
          1.0,
          0.0,
          139.15672302246094
        ],
        [
          0.0,
          0.0,
          1.0,
          -0.799328088760376
        ],
        [
          0.0,
          0.0,
          0.0,
          1.0
        ]
      ],
      "rotation": [
        1.0,
        5.1324932428542525e-06,
        3.1770359782967716e-06,
        -5.6908547776401974e-06
      ],
      "location": [
        -2.6226043701171875e-06,
        1.430511474609375e-06,
        0.0
      ],
      "parent_name": "LeftHandThumb1"
    },
    "LeftHandThumb3": {
      "bone_name": "LeftHandThumb3",
      "matrix": [
        [
          1.0,
          -6.240513812372228e-06,
          -2.975007373606786e-05,
          84.6385498046875
        ],
        [
          6.23958612777642e-06,
          0.9999999403953552,
          -3.115001891274005e-05,
          137.31668090820312
        ],
        [
          2.9750266548944637e-05,
          3.114982246188447e-05,
          1.0,
          0.913300633430481
        ],
        [
          0.0,
          0.0,
          0.0,
          1.0
        ]
      ],
      "matrix_basis": [
        [
          1.0,
          1.535374849481741e-06,
          -1.912229708977975e-05,
          2.86102294921875e-06
        ],
        [
          -1.5351797628682107e-06,
          1.0,
          1.02051690191729e-05,
          3.2186508178710938e-06
        ],
        [
          1.9122311641694978e-05,
          -1.0205139915342443e-05,
          1.0,
          -1.1920928955078125e-07
        ],
        [
          0.0,
          0.0,
          0.0,
          1.0
        ]
      ],
      "matrix_local": [
        [
          1.0,
          0.0,
          0.0,
          84.6385726928711
        ],
        [
          0.0,
          0.9999999403953552,
          0.0,
          137.1969757080078
        ],
        [
          0.0,
          0.0,
          1.0,
          1.160464882850647
        ],
        [
          0.0,
          0.0,
          0.0,
          1.0
        ]
      ],
      "rotation": [
        1.0,
        -5.1025772336288355e-06,
        -9.561152182868682e-06,
        -7.676386530874879e-07
      ],
      "location": [
        2.86102294921875e-06,
        3.2186508178710938e-06,
        -1.1920928955078125e-07
      ],
      "parent_name": "LeftHandThumb2"
    },
    "LeftHandThumb4": {
      "bone_name": "LeftHandThumb4",
      "matrix": [
        [
          1.0,
          -6.240513812372228e-06,
          -2.975007373606786e-05,
          87.31791687011719
        ],
        [
          6.23958612777642e-06,
          0.9999999403953552,
          -3.115001891274005e-05,
          135.7696990966797
        ],
        [
          2.9750266548944637e-05,
          3.114982246188447e-05,
          1.0,
          2.460252285003662
        ],
        [
          0.0,
          0.0,
          0.0,
          1.0
        ]
      ],
      "matrix_basis": [
        [
          1.0,
          0.0,
          0.0,
          0.0
        ],
        [
          0.0,
          1.0,
          0.0,
          0.0
        ],
        [
          0.0,
          0.0,
          1.0,
          0.0
        ],
        [
          0.0,
          0.0,
          0.0,
          1.0
        ]
      ],
      "matrix_local": [
        [
          1.0,
          0.0,
          0.0,
          87.31797790527344
        ],
        [
          0.0,
          0.9999999403953552,
          0.0,
          135.6500244140625
        ],
        [
          0.0,
          0.0,
          1.0,
          2.7073850631713867
        ],
        [
          0.0,
          0.0,
          0.0,
          1.0
        ]
      ],
      "rotation": [
        1.0,
        0.0,
        0.0,
        0.0
      ],
      "location": [
        0.0,
        0.0,
        0.0
      ],
      "parent_name": "LeftHandThumb3"
    },
    "LeftHandIndex1": {
      "bone_name": "LeftHandIndex1",
      "matrix": [
        [
          1.0,
          -2.980656788054148e-08,
          -8.160368025755815e-08,
          86.04656219482422
        ],
        [
          2.980232594040899e-08,
          1.0,
          -5.200543819228187e-05,
          143.3337860107422
        ],
        [
          8.160522924072211e-08,
          5.200543819228187e-05,
          1.0,
          -3.3493850231170654
        ],
        [
          0.0,
          0.0,
          0.0,
          1.0
        ]
      ],
      "matrix_basis": [
        [
          1.0,
          -2.9802322387695312e-08,
          1.5498828349197469e-12,
          -1.9073486328125e-06
        ],
        [
          2.9802322387695312e-08,
          1.0,
          -1.4901162614933128e-07,
          -9.909272193908691e-06
        ],
        [
          -1.5454419428212463e-12,
          1.4901162614933128e-07,
          1.0,
          2.384185791015625e-07
        ],
        [
          0.0,
          0.0,
          0.0,
          1.0
        ]
      ],
      "matrix_local": [
        [
          1.0,
          0.0,
          0.0,
          86.04657745361328
        ],
        [
          0.0,
          1.0,
          0.0,
          143.2140655517578
        ],
        [
          0.0,
          0.0,
          1.0,
          -3.1023707389831543
        ],
        [
          0.0,
          0.0,
          0.0,
          1.0
        ]
      ],
      "rotation": [
        1.0,
        7.450581307466564e-08,
        7.738311944352483e-13,
        1.4901161193847656e-08
      ],
      "location": [
        -1.9073486328125e-06,
        -9.909272193908691e-06,
        2.384185791015625e-07
      ],
      "parent_name": "LeftHand"
    },
    "LeftHandIndex2": {
      "bone_name": "LeftHandIndex2",
      "matrix": [
        [
          1.0,
          -2.980809910013704e-08,
          -1.1140600975068082e-07,
          89.93852996826172
        ],
        [
          2.980232949312267e-08,
          1.0,
          -5.1796821935568005e-05,
          143.3337860107422
        ],
        [
          1.1140755162841742e-07,
          5.1796821935568005e-05,
          1.0,
          -3.349346160888672
        ],
        [
          0.0,
          0.0,
          0.0,
          1.0
        ]
      ],
      "matrix_basis": [
        [
          1.0,
          -1.5472182996606465e-12,
          -2.9802322387695312e-08,
          -4.76837158203125e-07
        ],
        [
          1.5534355485985474e-12,
          1.0,
          2.086162567138672e-07,
          1.6868665397851146e-06
        ],
        [
          2.9802322387695312e-08,
          -2.086162567138672e-07,
          1.0,
          -1.4068064047023654e-07
        ],
        [
          0.0,
          0.0,
          0.0,
          1.0
        ]
      ],
      "matrix_local": [
        [
          1.0,
          0.0,
          0.0,
          89.93854522705078
        ],
        [
          0.0,
          1.0,
          0.0,
          143.2140655517578
        ],
        [
          0.0,
          0.0,
          1.0,
          -3.1023318767547607
        ],
        [
          0.0,
          0.0,
          0.0,
          1.0
        ]
      ],
      "rotation": [
        1.0,
        -1.043081283569336e-07,
        -1.4901161193847656e-08,
        7.751634620647985e-13
      ],
      "location": [
        -4.76837158203125e-07,
        1.6868665397851146e-06,
        -1.4068064047023654e-07
      ],
      "parent_name": "LeftHandIndex1"
    },
    "LeftHandIndex3": {
      "bone_name": "LeftHandIndex3",
      "matrix": [
        [
          1.0,
          -1.490189447395096e-07,
          -1.4120216462742974e-07,
          93.35369110107422
        ],
        [
          1.4901162614933128e-07,
          1.0,
          -5.1796821935568005e-05,
          143.3337860107422
        ],
        [
          1.412098811215401e-07,
          5.1796821935568005e-05,
          1.0,
          -3.3493545055389404
        ],
        [
          0.0,
          0.0,
          0.0,
          1.0
        ]
      ],
      "matrix_basis": [
        [
          1.0,
          -1.1921085274479992e-07,
          -2.9796153100392075e-08,
          0.0
        ],
